
--- DecisionTreeClassifier ---
accuracy_mean: 0.930952380952381
accuracy_var: 0.00036281179138321915
macro_f1_mean: 0.9118972211702354
macro_f1_var: 0.0007554924305503468
weighted_f1_mean: 0.9308971623838902
weighted_f1_var: 0.0003598467017561635
